image: map.pgm
resolution: 0.050000
origin: [-11.154304, -5.508774, 0.000000]
negate: 0
occupied_thresh: 0.65
free_thresh: 0.196

